350:400, 388, 384, 353, 367
351:379, 384, 387, 356, 358
352:380, 400, 379, 392, 375
353:377, 374, 380, 386, 368
354:394, 366, 396, 393, 387
355:383, 389, 386, 385, 357
356:386, 368, 377, 375, 372
357:382, 383, 367, 395, 392
358:389, 394, 391, 397, 369
359:394, 374, 385, 362, 396
360:383, 375, 394, 391, 366
361:397, 396, 379, 395, 377
362:399, 386, 395, 367, 393
363:375, 398, 377, 382, 385
364:393, 387, 397, 381, 398
365:395, 396, 379, 384, 386
366:381, 398, 400, 367, 376
367:398, 377, 373, 392, 386
368:385, 387, 376, 398, 380
369:374, 379, 384, 397, 387
370:372, 380, 379, 400, 378
371:399, 391, 375, 373, 395
372:378, 393, 392, 396, 376
373:381, 375, 391, 389, 399
374:378, 390, 380, 382, 399
375:388, 379, 390, 394, 377
376:379, 392, 387, 386, 397
377:392, 395, 380, 384, 381
378:393, 391, 392, 400, 382
379:386, 397, 387, 395, 392
380:399, 382, 393, 394, 396
381:394, 399, 395, 382, 392
382:388, 397, 391, 385, 383
383:399, 388, 390, 394, 392
384:386, 390, 392, 400, 399
385:389, 386, 395, 388, 390
386:388, 392, 399, 394, 395
387:391, 398, 397, 392, 395
388:392, 394, 395, 397, 390
389:396, 400, 398, 395, 391
390:398, 392, 396, 391, 394
391:398, 396, 400, 394, 392
392:395, 396, 400, 399, 398
393:399, 400, 396, 395, 397
394:400, 395, 399, 397, 396
395:397, 399, 398, 396, 400
396:397, 351, 356, 367, 368
397:398, 392, 383, 375, 370
398:399, 374, 380, 356, 361
399:400, 388, 377, 355, 350
400:354, 359, 368, 376, 381